-0.07891776
0.88398683
-1.058846
-0.2707945
1.7231915
0.17072044
-0.9596305
-0.9423392
0.08164419
-1.6359707
0.88673395
-0.22019728
0.454747
-0.73109215
-0.3245444
-1.8149148
0.75992906
2.333151
-0.28256723
0.27167222
0.2801986
0.9547193
0.29605913
-0.9797713
0.05371443
0.9421987
0.031150151
1.3759066
-0.25384215
-0.61227006
0.09453025
-1.2261822
-1.7559998
1.0253364
-0.14996238
0.18253955
2.3035111
0.028068127
0.8648887
0.82093716
-0.2501719
0.12127604
-1.1154625
-0.7890976
1.0025171
-1.9174147
1.4043734
0.038969513
0.045297448
-0.83077645
0.9953544
-0.66885406
2.062757
1.2844666
0.47157878
0.059256885
-0.9015815
-1.2472351
1.038821
0.49485654
0.3695271
1.1178164
0.17509198
-0.21949689
1.0025866
-0.89835066
0.6650736
-0.41937825
-0.6915119
1.108788
1.0947387
1.0845634
-0.8254145
0.49147967
-1.3360916
-0.47862116
0.8785217
-0.48890692
-0.4589199
-0.059621092
-0.38490254
-0.20274407
-1.5534732
-1.5203925
0.05954123
-0.098028
0.44330576
0.47769347
-1.2370349
-1.0006322
-0.31204128
-0.37372348
0.11138447
-0.4712708
0.48033375
2.5085542
2.4839392
-1.5892029
-0.15170984
0.19123822
-1.9652152
1.6541321
0.91879046
-0.8800996
-0.2722943
0.16486254
-0.5403417
0.007515808
0.58670634
0.8556479
1.6777382
-0.33473864
0.6852979
-1.197423
-0.84818184
-1.4000688
0.73734236
0.6043633
1.9751958
-1.0926473
-0.9454439
-0.29281652
0.16189384
0.6496472
-0.18448134
-0.52509344
-0.42704526
-0.92849755
0.7893694
-0.18000665
-0.5971117
-1.4241756
0.21131004
-0.14315389
-0.9084154
1.5208303
0.54303646
-0.33571225
-0.95930046
0.46508902
-2.9102328
-0.15789288
-0.09172093
-0.22532298
1.5884688
0.8178879
-0.72341734
0.33004266
0.4443142
1.7514237
-0.29809332
-0.034886535
0.056274198
-0.34041348
0.049059194
0.16096342
-0.9313598
-0.40649316
-0.595824
-0.66313756
-0.3542922
-1.2461239
1.2323507
0.8496327
-0.42753375
0.5091824
0.009666297
0.081001386
-0.12367704
1.634775
0.43151483
-1.1748868
0.6383681
0.5299029
1.041231
0.54338753
1.2774369
-0.9407994
-2.2032166
2.0733092
0.67137766
-0.50232846
-0.0053080246
-1.2570872
-0.7735298
-0.19979548
0.88106436
-1.0973887
-0.4006844
-0.05188498
0.8549385
-0.7422405
-0.50436294
-0.82565147
-0.45588413
-0.8364482
0.26311707
1.0387297
0.28677574
-0.9116931
0.5031256
0.32528773
0.5620585
0.9190781
-0.6421276
0.34476438
1.7397677
-1.797233
0.70118845
0.38246956
1.6009907
-0.30351737
-0.6602335
-0.5436559
0.3453874
-2.4366963
0.13593614
1.7812164
-0.478623
1.1130478
-0.61932266
0.4011973
0.22015959
0.64986897
0.17650908
0.09760633
-2.0399349
1.1912627
0.23602287
-0.6102893
0.2453517
-1.3177042
-0.10757246
0.5026188
2.1277804
0.2584376
0.9529973
-0.7230059
0.37513852
-0.02978616
0.1998338
0.038273428
-0.03614401
-1.680207
-0.35325906
0.35303682
1.0802865
-0.219423
0.18917221
-0.2503704
-0.7108263
0.8136695
-0.37301132
1.4278973
1.053945
-0.68659925
-0.9909253
-0.69241714
0.84817904
0.105254054
-0.31188014
-0.7162235
2.9469142
0.33633938
1.2845367
2.6174736
1.0184647
-0.31703395
-0.64113533
0.7224091
1.2851604
-0.29656047
0.14081146
-1.3014222
-1.0727761
-1.0652821
-0.08356895
0.611468
1.3221518
-1.2900034
0.05859904
-1.3379105
-0.49709573
-0.96782964
-0.12972966
-0.69080466
-0.12846977
-0.3535156
1.2740833
-1.3519512
-0.39073744
0.88619566
-0.65867
1.272722
0.9366347
-0.44283757
0.34059873
0.11465733
1.1892743
1.8816537
-1.0847478
0.94738173
0.6714579
1.0905113
0.345505
0.79111046
0.48460016
-2.801929
-0.56928116
0.826055
0.9978979
-1.858178
-0.96957284
1.4331545
0.6131377
0.44475776
-0.15075868
1.4229075
1.4759651
-0.017427916
-0.077117704
-1.0756732
-1.1483694
0.21148774
0.7750001
0.18589708
1.0666993
1.2514488
-0.6855225
-0.22298262
-2.8559244
-1.3021147
-1.0872428
0.3538353
1.4014404
-3.2819252
0.9718597
1.6268961
-0.07460202
0.5323942
0.14329048
-0.14712726
-0.4323429
0.7824368
0.19944249
-0.51043576
-0.82439166
1.1293274
0.073779486
1.2150552
0.25559318
-0.6317584
-0.88208807
-1.0041754
0.102376476
0.11888254
0.9315485
0.23999469
1.1568536
-0.3340845
-0.19925618
0.44195086
1.4628607
-1.2301484
-0.54861104
0.7840025
1.4822209
0.52695495
0.12546411
-0.038492125
2.8544548
-0.7027273
1.059399
0.40659338
0.41551888
0.810313
0.83219814
-1.0219332
-0.93594795
1.6577629
-1.5547222
-1.9004601
-0.033611234
1.5568913
-0.58558846
-0.23439418
0.7854977
-0.29552603
-0.47537938
-1.3488966
-0.35217416
-0.08251913
-0.8284341
0.28693405
0.938218
-1.8742113
0.638212
-0.81257343
-0.8084487
0.8533208
-1.5124198
0.89950603
0.11504753
0.36116245
0.46799818
0.8522855
-0.2205889
-1.289688
-0.57819694
0.07070616
0.06680442
-0.8257419
0.5270628
-1.6430467
-0.18070154
-0.66615605
-0.7525096
-0.5355843
-0.69500375
0.52195275
0.6684329
-2.0049806
-1.3187757
-0.56584007
0.6418061
0.9187815
-0.27537504
0.7607018
0.8046788
0.787546
0.2534956
-1.9287624
0.109913744
-1.4720489
-0.592024
-0.4734923
-0.41313106
-1.3714203
1.5544939
0.5952398
0.4309507
-1.3376447
1.142269
-0.6421802
0.87155765
0.28529426
0.30317622
0.013991125
-0.20420507
-1.671137
2.3039618
-0.17194514
-0.4849841
-1.3859903
1.2132508
1.6401783
0.47077373
1.2376659
-0.834293
-1.2981719
2.3086762
-1.8658783
-0.6682618
-0.8528577
-1.0190215
-0.8323651
-0.740831
0.97606355
-0.026889473
-0.34382746
1.5063511
-1.0964851
-0.9549519
1.2715225
-1.2720779
1.0219666
0.54838616
-0.085250266
2.4270117
-0.15445979
-0.093932465
-0.9276846
0.06372304
0.29235128
0.4171759
0.7596413
0.22305684
0.23296109
0.42004082
0.34989542
0.60496217
-2.4537914
-0.20530905
-1.2712623
-0.7645118
0.97981703
-1.4108506
-0.59090495
-0.6703023
0.6492073
0.73835045
0.31294152
-1.4256004
-0.21833582
-0.32283038
1.5930209
-0.09292197
0.6943946
1.2258059
0.5036672
-1.637176
2.551856
1.7635539
-1.3270491
-1.194738
-1.1172493
-0.910568
-1.1319654
-0.6963731
-2.4008377
-1.0453387
0.041911542
-0.6493758
-0.04573442
0.33943033
2.6854851
0.24123755
-1.5288633
-0.6841988
-0.4217687
0.6939814
-1.1728684
0.15883555
-1.1309327
-0.33760643
-1.6923558
0.76323384
0.85931724
0.31812915
-1.0441222
-1.0590786
-1.672605
1.3855177
-0.8464015
-0.789544
0.42645085
0.6607132
0.18888177
-0.692748
0.15602042
-0.61625564
-0.39398235
-0.9027713
-2.4480143
1.7375369
-0.062041637
-2.0000594
-0.033850312
0.5667848
0.32498065
1.337697
-0.69071215
0.9324926
-0.709743
0.3814979
-0.42672884
-1.3127185
-1.1397069
1.3990244
0.8626238
-1.7006949
-0.25419724
-0.36786985
-0.29155064
-0.62040186
0.21075785
0.30649596
0.26445872
-0.38669205
-0.09960929
0.9356973
-1.2251763
0.31271207
-0.7982439
-0.028481703
0.65758574
0.9768861
1.2670394
0.28798902
-0.9212327
2.080289
0.18159576
-0.95967036
-0.19737871
-0.52204823
0.68068933
0.33324373
0.55845183
1.5141453
1.0027713
-0.024668444
1.12224
-1.1235634
-0.549099
1.0326672
2.0209448
0.2869723
-0.2872401
-0.091623075
-0.3880608
-0.07277699
-0.5884889
-2.0539224
-0.4874951
-0.35447696
-0.3405105
-0.63042146
2.1235898
-0.4242626
0.2440988
-0.26950797
-0.19314796
0.3863796
2.1241493
-0.06429642
0.54916155
-0.5695231
2.2733738
1.3344395
1.0345016
-0.35711572
0.12816447
-1.6972252
-1.0707345
0.1997467
-0.73612386
0.35258
-1.7499275
1.6184415
0.46558765
1.6189142
-1.4229913
-0.94151247
0.9019161
-0.07353319
-0.4598395
0.31899709
-0.016862936
-0.28206196
1.4801964
0.37698475
-0.0018719271
-0.37151736
-0.68662775
0.05637507
1.8630984
1.5172943
-0.25078848
0.2545349
0.9704808
-1.174545
0.18885268
0.0014629608
0.2609354
-0.32161802
0.3185101
-0.011075916
-0.33686492
1.6293707
-1.9938836
0.05450033
0.59951866
0.64001775
0.44770172
-1.3620573
-0.09108515
1.3406718
1.1603006
-1.5575819
0.3440964
0.008883525
0.4114419
0.64077145
0.24331856
-0.74631584
-1.3770914
1.2533908
0.81623346
1.0031334
0.5605292
-1.876772
-0.73829687
-1.184563
-0.515695
-0.8577264
0.35981297
0.41865316
1.8531379
2.2099435
1.7323613
-1.3950847
-0.33575246
-1.1254952
-0.6633861
-1.393233
-1.7604479
1.0958084
-0.092167936
-1.7657642
-1.1475359
0.71336067
-1.6211799
0.013149654
-0.7449807
-0.522447
0.27251494
0.6933076
-0.75040436
0.7688273
0.33875254
1.7499378
0.005432207
-0.085011296
-0.59867907
-0.8475868
0.28659263
0.06667958
0.43949062
-0.44495982
0.14754106
-0.91355085
1.1401384
0.7839577
0.9784011
1.3883345
-0.049978375
2.6412902
-0.0465337
-0.59075916
0.7921188
-0.82159185
-0.8018546
-0.43983892
0.91754967
0.57703793
0.5735137
-1.4710276
-0.5632914
-0.48630515
1.41578
-0.8212684
-0.5397335
-0.36822855
0.73125196
-1.1392746
-0.79765767
0.12891822
-0.67475003
-0.46090832
-2.2642977
0.30443475
0.5536465
-0.117714286
-0.074504025
0.50246936
0.3817555
-0.42257994
0.8177988
0.2729501
1.067551
0.77864885
-0.3065775
0.41803977
0.47725698
1.1747806
0.9570587
0.4042519
0.29357773
1.2689273
0.39540747
0.37459183
0.8788076
0.010812851
0.29437017
0.6468506
-2.3686988
-2.412437
-2.3922343
1.4133459
1.1188836
0.607195
-0.38952225
0.8896692
0.36621907
-0.034049075
0.41852498
1.3402631
1.3664311
-0.22451603
-0.4089925
-0.00055279606
-1.3850708
-0.71188337
0.03784449
0.31250995
1.0030164
0.055578705
-1.5659604
0.42537665
1.1506504
-0.45851177
-0.0536785
-1.530232
1.2591524
2.078071
-0.70208186
0.7565385
-0.7416355
0.4051532
0.6991192
-0.42891622
-1.2343476
-0.5489805
-1.5100229
-0.6563865
0.6365272
-0.06947766
-1.161314
-1.1459246
-2.154532
-0.456551
-0.11116164
-0.1561845
1.259995
-1.5346837
0.7000926
-1.0805404
1.0637276
2.241223
0.9159442
-0.33977404
-2.1372156
-0.29739264
0.75747633
0.6156333
0.71723443
-1.5414242
0.16594371
-0.9974088
-1.4011
-0.5423184
0.008426764
-1.5415548
1.0472928
0.47417483
-0.1611798
1.3120991
-0.39349705
0.8234857
-0.7749633
-0.12499684
-1.7480999
0.38505515
0.90734005
-0.043921575
-1.4460373
0.08481636
-0.32296482
-0.34729138
-0.730968
1.0047548
-1.9408789
0.026059667
-1.1333795
0.31878653
0.5244925
-0.14271148
-1.7501494
0.27399287
-1.3641598
0.41460267
0.63686013
-0.4614338
-1.076519
0.31443793
0.7459221
-0.04113956
-1.1027998
0.1736219
1.6141584
-1.176539
0.5015077
-1.1915067
0.19626606
-0.29173967
-1.3354701
-1.0506029
0.7628354
-1.4913234
0.82015365
-0.53487253
0.14685915
1.6376997
-0.41260496
-1.3275269
0.09601957
0.7020247
-0.29463613
-0.5759695
0.2726564
1.0159372
-0.15752731
-0.13430879
-0.18707107
0.6828088
0.94937813
-1.3069654
1.0093852
0.5804004
0.40028122
-0.4421845
-0.21276878
-0.21666378
1.0827974
-1.2329081
-0.7824262
-0.33728036
-1.2426983
0.054167233
0.99416536
0.8882196
-1.5022732
1.887422
-0.03477593
0.6741723
-1.247034
0.026159566
0.10645516
0.8686999
1.6051176
1.6733246
0.6893203
-1.0805235
-0.51035666
0.6615971
-0.15346302
-0.76097715
0.110283285
0.0806917
0.7451048
0.51140046
-0.8092402
0.4456746
1.8222227
0.55960876
-1.1200118
-1.1965817
-0.28730875
1.2336955
-1.4888872
-0.8570774
0.1273574
1.0981288
-1.437087
1.6657891
-2.0178936
-0.1943094
-0.07997179
0.07332843
1.4552491
0.11021957
-0.7848886
-0.42708382
1.4731965
0.62911314
-1.0530963
-1.7418922
0.35937643
-0.14576735
1.8450149
-0.35129973
0.051725008
-2.157706
-2.031769
-0.31784993
0.25334936
-0.5013773
-0.89545566
-0.089253135
1.6839687
-0.17764
1.413435
0.045616075
0.19109342
-0.0023048287
-0.7329315
0.251042
1.6139216
1.0636644
-0.21281071
-0.28132704
-0.57240474
-0.6124643
0.1877293
0.92388725
-0.41351673
-0.5610635
-0.18912624
-1.2448541
0.3295371
0.74306285
0.9002028
0.9425214
-0.42568704
1.3958998
0.130752
2.402727
0.22127329
1.3460784
0.0094845565
0.34284326
-1.4641058
1.1448324
-0.46117023
-0.3205399
1.6323341
1.0860977
0.122550316
0.14592828
0.18914573
-0.23345657
0.33587566
-0.24759088
-0.39604086
-1.0749524
0.3458487
-1.8266848
-1.9462985
0.82133764
1.1106273
0.13395177
-0.17731534
1.553572
-2.2170272
-2.6696224
-0.7523344
0.45613405
-1.0707122
1.1551852
-0.4122412
-1.3567237
0.65787137
-1.4714292
0.12037207
-1.9157141
0.07586892
1.0417043
-2.1366894
0.8015961
-0.12830065
0.4980727
0.9681874
-0.49769115
0.3770026
-0.13196562
0.15604417
-0.45855924
1.197883
0.32375264
-0.7046511
0.31197014
-0.58278084
0.34421596
-0.68716425
1.2206943
1.2526476
0.05633471
1.039937
1.2361631
1.6678686
-0.8593937
-0.41133094
-0.4105632
0.5406755
1.6700002
1.3774108
2.3173096
0.326415
-1.3933905
2.9777853
-0.4586703
0.5800897
1.0007676
1.2934266
0.17494227
-0.058239616
-1.1598818
1.8047794
-1.0899452
-1.5175393
1.0210564
-2.333692
0.12927888
1.2843151
0.91313356
0.2502907
0.6653945
-0.53298885
-0.16923867
2.3224444
-0.13227344
-0.5238934
-0.5825759
-0.020594973
-0.2682782
-0.6569769
-0.48381153
-0.6641436
1.2143312
-0.52852076
0.7870467
0.6134718
1.0150524
-1.2303971
-2.0909724
1.7552073
-0.4452518
-0.028444812
-0.9062045
-0.5578851
0.27516392
0.09087943
-0.52715826
-1.1248827
1.2059973
-0.95290107
-1.0247511
0.16471516
0.07801136
0.3348345
1.24194
-2.6414204
0.25713372
1.9048752
1.3417021
-0.3045745
2.1056118
0.14199273
0.5755432
3.0461235
-0.21430507
-0.049983006
-0.03578076
0.004016306
-0.5457162
-0.13156097
1.3847908
-1.0175463
0.2670954
-1.0506094
-0.18290947
-0.4425706
1.1491212
-0.049003057
0.121030234
0.030338505
-0.90934867
-0.1146021
0.46648884
0.9272202
-0.17438768
1.1799105
-0.23973894
0.08129558
-0.23718028
0.37433878
-0.389309
-0.26646778
-1.2200643
0.8443634
-0.006111958
-0.6478327
1.4418596
-0.48854238
-0.88853526
-0.514064
-1.5438248
1.2327495
-0.37564722
-1.1052489
-1.7148302
-0.21589251
0.99569905
-0.25621343
0.14913537
-1.7773696
1.3737872
-0.2951959
-0.55706316
0.42522725
-1.1592517
0.27317345
0.5504291
-0.38403884
1.8182304
0.15455554
-0.18772665
-0.8274458
-1.9150481
0.25486115
0.48324782
-0.010225804
1.752532
1.2720075
0.4170479
-0.52075034
-1.7508602
1.5047256
1.6713369
-0.3798799
0.19395846
0.5113541
0.09544225
0.46766403
-1.194856
1.1680219
-0.81023574
-0.8280166
-0.19562282
0.3949324
-0.24526657
-0.61614174
-0.10242959
0.2159332
1.1022055
0.8589788
1.093979
-0.18724768
-1.3212743
0.03472527
0.98098046
0.28967807
-1.2323964
0.06362764
2.6085153
0.5789961
1.5766599
-1.1148467
-1.1072334
0.59665227
-0.5557765
-1.4192959
-0.34000528
1.0608068
-0.35595155
-1.2094308
0.50834507
0.18108107
0.15530555
1.1168867
-0.94382155
2.120629
-1.2934711
1.7495896
1.1686317
0.57430124
-1.039952
0.7049708
-0.092361055
-1.9215358
-0.77325624
0.07677003
0.21045054
-0.370746
1.3025244
1.0238038
0.17471695
-0.5159289
-0.91620207
-2.38919
1.3312182
0.4942247
-0.16581547
0.5532951
-0.35226324
1.4955575
0.69803065
0.37563848
1.0994262
-0.19707422
0.075580336
0.6317824
-0.9946824
3.205705
0.5263466
0.45101243
-1.1801956
-0.48424578
0.8022423
0.7001369
-1.388266
1.2772313
-0.9631925
-2.0686598
-0.8418369
0.8563786
0.5528271
0.118684046
-0.71089643
1.9911804
-0.04793555
0.77057457
0.8371195
-0.15181917
-0.6773729
-3.4775498
-1.915194
-0.01775806
-0.42887485
1.3946788
0.34601045
0.21373852
-0.5116936
1.9776151
-0.98390275
0.65793574
1.0497925
-1.0716333
-0.709487
-0.077462554
-1.4292252
-0.37138355
0.8374626
-1.5219632
-0.8420467
-0.05283265
2.557934
-0.71701837
-0.29099017
0.15507917
0.056725975
0.4545691
-1.3642466
-0.21686181
0.37257093
-0.56439424
-0.9910971
1.9756159
-1.0334601
-0.26307452
-0.34640914
-1.5500872
1.0707262
-0.68326926
1.9777191
0.38340878
-2.6458297
-1.0383036
0.3834499
0.8739337
-0.087370135
0.045279425
-0.7009877
1.1737529
0.42294565
-0.19171695
-1.0822074
1.048907
-0.2393977
-1.065067
0.9673389
-0.5772131
0.636046
-0.83997583
0.7261415
-2.4512346
-0.538096
1.0255584
-1.857308
0.19623
1.1027688
0.78786284
0.060879327
2.281404
0.7636214
2.126054
0.2019574
1.4975104
-1.0586079
-0.07730042
-1.8248422
0.35224158
0.72655547
-0.12506661
3.0486233
-0.011970191
0.9045773
-0.45395485
-1.6956111
0.2252027
-1.6774641
1.1460156
1.2469513
-0.48529947
0.46482113
-0.30818808
-0.999832
0.24521114
0.58287895
-2.0196044
0.25588623
1.3552035
-0.5019747
0.025434893
-1.4477448
-0.4067267
2.8399441
-1.002964
-1.4984561
2.1936517
1.9862208
1.1207157
0.5311297
-0.944102
0.9107421
0.4262135
-0.46179956
0.31436366
0.2375952
0.06437122
1.0047091
0.25651112
-1.7496654
0.29384768
-0.5235185
0.16179502
-0.48327354
0.13007805
-0.48261836
0.6987569
1.2212629
1.1655221
0.087960474
-0.21086596
-0.11274654
0.9312922
0.41893563
0.84083664
0.8481193
0.8637892
0.956617
0.5244746
-0.4192434
0.4608003
-0.4654241
-0.5164459
0.44785205
0.06363305
-1.1859714
-1.19117
-1.6645296
1.8864475
-1.4500743
-0.80639005
0.99724966
-1.0895329
0.82420576
0.6075445
0.48755667
-0.19746733
0.31289577
1.337897
-1.5116588
-0.17287627
-0.8405894
-0.3835119
-1.5540525
-0.21970838
0.5725469
0.17647967
-0.59183973
-0.33218262
-0.020639252
0.85103613
-0.53349125
1.1051738
-1.3091247
0.56411994
-0.23607613
2.0686367
0.37301522
0.4682281
0.83274025
1.1371948
-0.7142749
-0.56336343
0.95545065
-1.0415925
1.1451877
0.7116885
0.9883822
-0.72938585
0.97448087
0.85838133
0.1093113
-0.63134915
-1.1569808
0.88566476
-0.7429825
1.0166711
0.8266278
0.18724401
2.030905
-0.09048398
1.1486303
-0.99562246
0.067614324
-0.045715913
0.21176726
0.73742473
-0.9549298
0.26550233
0.6346811
0.14840688
-1.1565787
-0.6463944
1.5030704
0.25471607
-0.7698621
0.69926673
-0.0015911711
-1.2783587
0.083264224
-0.25782222
-2.0359888
-0.9475278
0.97385323
1.4550409
-0.7799864
0.50241613
0.19695884
-0.15294692
0.16721813
0.5100348
-1.3572788
1.6151776
-0.25222972
0.18910858
0.99433553
-1.2895653
-0.86215734
-0.30774727
-0.86595005
-1.8918005
-0.21986763
-1.2813025
1.1081996
-1.9278494
-0.15114132
-0.89179254
-0.5209541
-0.34262994
-0.18493952
0.8210709
-1.0456222
0.089028634
-0.76603323
-0.42942905
-1.0591447
-0.46648765
-0.9027231
0.86281484
-0.11993702
1.0195463
-0.7909196
0.11177916
-2.2545369
0.38571212
-1.734076
1.1706946
-0.5276128
1.3709848
-0.08746579
1.7518277
-1.1089615
-1.0746118
0.3276253
0.45574275
0.9602769
0.22005004
-0.026619649
-0.31596527
0.9646016
-0.27937952
1.2487206
-0.46704847
0.6871789
-1.0395027
0.6828302
-1.3499509
-0.7232412
-0.269876
-2.4494371
-1.3805565
0.7838606
0.13446309
0.28122315
1.585281
1.7897495
-1.4228764
-0.1984625
-0.38833043
-0.0019547043
0.019453758
-1.3188615
0.09672705
-1.248299
-0.5001462
0.31195888
-1.9297428
-0.042740747
0.65075415
0.33530074
1.018629
-0.17621371
-0.64604795
1.0957953
-0.16282725
0.8093193
0.35400426
-0.24386197
-0.2197914
-1.3686557
0.6916515
-0.2767475
0.030170528
0.052393362
-0.692295
0.18739511
-0.22517645
-0.6921927
-0.6694084
0.111645155
0.5210865
0.6483688
1.7077079
-0.7168045
0.32623258
-0.06616166
-0.9737039
0.009993581
-0.22153798
0.883589
1.6966989
-0.31630266
0.97322875
0.6847938
0.63703907
0.36369792
-1.3051562
-0.02480868
1.0688955
0.43284258
0.2246953
-0.9469397
-0.39289272
-7.517873e-05
0.3865554
1.2134712
1.2206035
1.6365649
1.0186071
0.512807
1.2444453
-0.041370265
-1.0481747
0.3977973
-0.36217096
-1.4117811
0.8439872
-0.76231486
1.656644
-1.1998632
-1.2422085
1.1618154
1.5516746
0.551604
0.22646391
-0.6416623
0.06683675
1.1923188
-0.015315311
-0.31383687
0.9463232
0.13421571
1.3692333
-0.12325553
1.045528
-1.9305038
-0.5454619
-0.37451866
0.5047418
0.8535599
-1.5626916
-2.140807
-0.67206675
-0.2053233
1.2168884
-0.122782834
2.3061674
-0.5583077
1.1015122
-0.88898706
-0.5651241
1.6636016
-1.4058974
1.187665
0.4195449
0.537034
-0.4562692
1.1275045
0.9833104
-0.5837297
-1.1680714
0.09595142
0.21567442
0.68397635
-1.3182166
0.47151956
0.57835644
1.2892439
1.2857846
-0.11742112
1.3538579
0.10057331
0.20905618
-0.35981825
0.0020483811
-0.18839197
1.7920775
0.27232218
-1.3846588
0.30087006
-0.7329106
-0.32155955
0.8579024
-1.7191348
1.1249396
-0.41427493
2.0247352
-0.29928076
0.4353905
-0.48719367
0.45493993
-0.10402982
0.19591646
-0.8382086
0.18866046
0.203505
-0.11911893
-0.13667914
-0.43960968
-0.2995887
-0.66956043
-1.0379993
-1.8768355
-0.3363813
-0.30366784
-1.8133395
-0.22127381
0.32418534
-0.68010414
1.772169
1.9412073
-0.74122137
-0.6297841
-0.21528779
2.5095131
-2.1896446
0.31715
-0.8646957
-0.74610364
0.08802205
0.65041006
1.2287344
-0.28075698
-1.8722237
0.84634846
-0.8188247
0.9104195
1.2561889
-1.4960531
0.4492568
-1.4683211
-1.4121735
-0.78328985
1.3284433
1.0221816
0.5694138
-0.27050498
0.43172225
-0.61218846
0.7477097
-0.05104973
-1.9433949
-0.050906926
1.0764309
-0.46115986
0.0429803
2.8845837
-0.34202662
-0.8248691
-1.2265772
0.66604704
0.9805857
-1.848439
0.3118367
1.2754439
-0.2958235
-1.4492928
0.15530029
0.42610627
0.27783942
2.4510367
0.07888713
0.26180127
1.5375724
-0.4975342
0.1615089
-0.9487426
-0.28968835
0.73206586
0.07268944
0.56911343
1.0453932
-0.023545675
0.53700745
-0.9473559
1.574485
0.6059548
-1.8489766
0.96990466
-1.2104235
0.022324286
-0.14190648
-0.15991282
0.20079039
1.4761996
-1.4005288
-0.28663504
-1.4457778
0.12872793
0.15032874
-2.1749475
-0.3176422
-1.4238073
-0.39145115
-0.67660916
-1.1870831
0.80916667
-0.44289085
0.31617063
1.0952337
-1.0544679
-1.4829135
-0.43929985
-0.79859114
-1.9747952
3.086496
1.2096187
0.45679456
-0.99537337
-0.8388335
-1.3857934
1.0139457
1.0257493
-0.15883762
0.58715886
-0.7540107
-0.5721856
0.24631877
-0.8765542
0.4574415
-0.9353282
1.366866
-1.2325516
0.2952292
-0.6527945
1.1856984
1.2350106
0.7578325
-0.32313648
0.7753368
0.38006297
1.2186501
-0.860863
-1.522804
-0.45336407
1.8588424
0.7195385
1.253198
-1.1199863
1.3878673
0.04338573
-1.4332545
0.23904565
0.48816615
0.8268928
-2.395988
0.56709504
0.89704275
-1.6577393
-0.8703067
-0.6268453
-0.99360055
-0.02426334
0.23625922
0.023528958
-0.029450279
0.88042146
0.7631787
-0.056897648
0.60816884
0.85988885
1.5265182
-0.15234706
0.72031903
-0.57050323
0.42996907
-1.2943121
0.34724084
2.205123
-0.5873549
-0.70098454
-0.5460228
-1.4854524
0.2881443
0.56473374
1.7503182
-1.4605284
-1.5034039
-0.13873127
-0.9233119
-1.0704005
-2.545545
-1.1266544
0.79208076
-1.3296207
0.35295883
0.6571013
1.0726479
1.6762726
0.4891653
1.1841829
-0.95484775
0.32238072
-1.8286663
-0.7493605
-0.05539737
-0.998088
0.04839945
0.29862717
-0.18234932
0.96689105
0.9297591
-1.0105379
3.2351196
-0.97032833
1.2074641
-0.7278437
0.7073022
0.8922129
-0.07055914
-0.381417
0.33046585
-0.6426443
0.40303287
-0.3252096
0.059773117
-0.44773713
-0.69725025
-2.010298
-0.9863418
-0.64395463
0.52291733
0.86648667
-1.9457012
-1.5671986
1.3070588
-0.42854598
-0.80219114
-0.32340926
0.13144757
0.7340551
0.30681553
0.33173677
-0.54686993
1.0254803
-1.1966819
-1.031432
1.2184408
0.6604934
1.9559736
0.37216625
1.1508092
0.4085054
0.42923206
1.6297299
-0.9403512
0.6512336
-0.3076916
0.46399495
-0.43556765
0.15955962
1.3513732
-0.38020426
-0.63648057
2.6212296
-0.80189866
1.2217901
0.85123646
-0.5851412
0.096591175
-0.16672075
0.835332
-0.91676736
-0.73107797
1.5775776
-0.20923229
0.09322032
0.687768
1.3510238
-1.0139767
1.0583701
1.6406671
0.5029807
-1.0299968
0.95784235
0.47393745
-2.1796298
0.4995595
1.7275236
0.68028784
-1.4026996
-0.14889689
0.8583172
-0.4150345
0.5429067
-0.5136852
1.7987442
0.40934935
0.35740927
-1.92901
-1.7521989
1.9172782
-0.65268165
0.94401884
0.81837535
-0.37043777
-0.2677748
1.3268795
-0.19340885
0.0883836
-0.46762523
0.034115713
1.2989678
-0.54106367
-0.1643903
0.11712204
0.032558084
-0.83484805
0.23913327
-2.9036272
0.21758617
0.044352088
-0.42092037
1.3257076
1.4977844
0.97900194
0.6134165
0.49839815
0.8191123
-0.9243471
-0.2304348
0.8898225
2.5483398
0.011683964
0.600031
-1.8499769
-1.5147123
-1.4648145
0.62749547
0.20281352
1.8687646
-0.060259305
0.05381971
-0.935407
1.9219824
-1.3112016
-1.1203405
-0.032194227
1.0459934
0.21154854
-1.0707123
-0.07626698
0.28957406
-0.17723186
-0.14097363
0.003160104
0.3860443
1.08423
-0.36434847
0.07545149
-0.113531485
-1.0019593
0.31973535
0.26791728
0.33227026
-1.2364784
0.6754764
-0.48340443
1.4630362
0.03596981
-1.589717
-0.63467157
-1.101111
1.0044467
0.16832536
0.40815252
-1.3056593
-0.8080888
-0.120862976
0.5373089
1.7603832
0.0072241155
-0.84454495
-1.7883579
-1.2001616
-0.31055054
-0.48725832
-0.81835765
-0.15518226
0.7015001
0.532335
-1.0310559
0.62175876
-0.7098688
-0.32167697
-0.40705153
0.5402002
0.7578338
-1.0979271
-0.6084516
-0.88239366
0.27021095
1.0506861
0.3242533
0.39914814
-0.9888556
1.2743331
-0.47298422
0.4533122
0.3948674
-1.828801
-2.3375928
-0.8834342
1.4429373
1.3079901
-2.6455867
0.44016925
0.90943784
-0.022219967
0.6409256
-0.6869699
0.29993537
0.68418986
-0.3145317
-0.1409143
-1.8234097
0.56841826
1.6490784
2.8506854
0.9330469
0.692959
-1.0515668
0.93595266
0.976664
-2.173764
0.8006857
0.12359675
1.1158495
-1.5594001
-0.53685987
-0.19238509
-0.323006
0.20726861
0.061290648
-0.84004426
-0.25481793
-0.9120378
-0.39085925
-0.06643116
-0.42869008
-1.4277481
-0.7790893
0.49538788
0.34069327
1.2686965
-1.183574
1.3768754
-0.2686394
1.7219578
-0.084163025
0.93881917
-1.4021806
0.39585117
-1.1267374
-0.12603843
-0.21126716
1.1745116
-0.33664563
0.4090498
1.3672388
-1.3002918
1.2347462
0.006463522
0.20419826
-0.7988066
-0.07186809
0.6219411
1.8035593
1.0122612
-0.77699196
-0.40730354
1.1269983
0.77682495
-1.6067458
-0.8137422
0.3925755
2.0810926
2.295853
-0.55935866
0.015597445
-0.2223591
0.5862714
0.94133085
1.0367379
0.82683635
0.59053475
0.50586444
0.54028314
-0.92202866
0.675094
0.37720838
0.18244947
-0.8643626
0.43910062
-0.15242508
-0.5190433
-1.6390983
1.2944154
0.959126
1.4638966
-1.1226292
-0.087365136
-0.71160656
0.058588766
-0.4993448
-1.9984192
-0.22301422
-1.2904487
-0.7964917
1.2034487
0.34113008
-1.6044176
0.026153201
2.4942555
0.26299948
-1.4930818
0.6317165
-0.18205477
0.007849029
1.154743
-0.4394774
-0.7258657
1.3704041
-1.1830559
1.4396659
-0.14531113
1.4997885
0.24882543
1.0861964
-0.7645086
0.8704886
-0.31687462
-0.1184792
-0.59544635
2.0113223
0.6053435
-0.6707954
-0.21343096
1.113525
-0.49571735
0.5705373
0.54303116
-0.94106215
0.21112032
-0.8038188
0.6774766
-0.92228734
0.46590593
-1.2711097
-0.9944965
-0.60466516
0.48572525
-1.253591
1.4328691
1.3494768
0.096299514
1.8111074
0.18912053
0.8249608
0.53785634
1.0393548
-0.82919115
-0.7534998
0.33840123
0.36098728
-0.52964544
0.27620342
0.64498013
0.47436765
-0.60506576
1.2125732
-0.2097704
0.4236564
0.7108406
-0.58348835
0.5613493
-0.714035
0.061393
-1.1051342
0.78065234
0.19192739
0.47095886
-0.37083864
-1.4317961
0.888845
0.37775764
1.8277504
0.44211516
1.240657
0.1711013
-0.82833135
-1.3165581
0.6689636
0.5251684
0.2087394
-1.3121673
-1.0736457
-0.6863696
-0.447075
0.7071181
0.26562104
0.094548464
-1.1187326
-0.017876877
1.7436357
0.150039
0.24505374
-0.32225218
-0.9871391
0.12181449
-0.8928112
0.47610793
-1.0218036
1.1394658
0.22121057
1.8414392
1.1671873
-0.8715177
0.07688594
1.2923539
0.5450529
1.122995
-1.1505854
-0.00064547744
-0.42641708
0.8461998
-0.11036791
-2.108839
0.12926482
0.76357496
0.57289803
-0.8994595
1.6790081
-0.35856965
2.1932044
-0.16900979
2.845804
-1.2564455
0.07977105
0.36460248
-1.8066857
-2.0278423
1.2312391
-0.20353822
-0.7313749
0.9928767
-0.9663655
-1.3912668
0.122470945
-1.1445793
0.3918953
-0.52366513
0.07174291
-0.2860185
1.0206985
-0.11141571
0.8106967
-0.11350478
-1.9123231
-1.4043466
-0.9415647
0.03060999
0.6777652
-0.2202352
-0.29465735
-0.04576715
-0.67027485
-1.2139528
0.8436132
-0.012555697
-0.9468552
-1.6304201
0.5411805
2.216133
-0.7305858
0.70761263
-0.5245116
0.6886527
0.63963485
-0.9973035
0.66949064
-0.22297242
0.8848859
-1.2188432
0.45693207
0.09918213
1.3471811
-0.64878756
1.0782553
1.0020702
-0.14578557
0.42949182
0.29324237
1.0532254
-0.7714644
0.78094035
-2.2107253
0.23202735
0.13836725
0.12490473
-1.6173948
0.3038145
1.0270458
1.9622376
0.3377925
-0.90135324
0.907613
-0.6073274
-0.31468508
0.66478264
0.22685532
-0.11439742
0.62485164
0.5116136
-0.10196222
-0.916299
0.40262637
2.4595473
0.70599145
1.072955
0.83970946
1.0225798
-0.53711635
-0.380364
0.17298895
-0.89529425
0.716938
0.9909591
0.53004986
0.846266
-0.6590017
0.16061085
0.6370071
-1.1206967
2.032586
0.86400265
0.11192798
0.21108592
0.12399216
-0.8819883
0.09712972
-0.11230762
0.67346555
-1.1852276
-0.56142634
2.5536087
0.067921214
-0.7438266
-0.50965875
-0.4210102
0.6498206
0.5864568
-0.49013492
0.37038323
0.01595811
-1.4249136
-1.1168746
1.3476938
0.36288235
-0.34099886
-0.82220715
-0.39524034
-0.2296939
0.44770846
-0.3228261
1.7002442
0.24213505
-0.8954034
1.0214614
-0.69223684
-0.78580004
-0.837677
-0.014312169
0.2481929
0.7289075
-0.16181481
0.5112615
1.0492496
-1.2709762
-0.71870553
-0.5752414
0.4617009
-0.7902237
0.7503186
0.4661654
0.31926376
2.1477127
0.4488211
-1.4458457
-0.5798148
0.54535633
1.236571
-0.99153614
-1.0514016
0.18720686
-0.30822977
-1.0577527
-1.0110384
-0.33312857
-1.0384393
0.50423616
0.6251259
-0.11710833
-0.15868722
-1.2727687
0.44749257
-1.2788259
-3.0616343
0.6219874
-0.014640839
1.6789232
0.78716713
-1.0477175
0.3715924
-0.270839
-0.37576285
0.08013745
1.5707202
1.2542058
-0.6687053
-0.49984035
0.5508456
-0.23851123
1.433952
0.47352886
-0.33108744
0.026136508
1.1123731
-0.9603596
0.053419948
-1.4260497
2.8396251
0.775639
-0.15102847
-0.58318186
2.414161
0.08274625
0.2295914
0.50343794
-1.2349759
0.6895274
1.5062331
-1.6674176
-0.23240788
-0.8375426
1.5267141
-2.0149271
0.43527552
1.455688
1.1975687
0.9029056
0.9240343
-2.082127
-0.10797988
-0.19459149
-0.8254899
-0.2704675
0.79335725
0.46896923
0.17071833
-0.9221675
-0.77023596
-0.5569887
0.4149042
0.06682461
0.58321035
1.3370587
-2.2718124
1.0466261
-1.7246019
-0.62413615
0.4896129
-1.1225121
0.33467704
0.62786853
-3.313819
1.1768291
2.2090144
1.5147465
2.2123694
-0.5984671
1.0379926
0.16835685
0.83758247
0.73259246
0.81671363
2.0384717
-1.5818579
0.81090766
-0.25430432
-0.7888093
0.012478821
2.4973805
-0.5963362
0.8749448
-0.7480759
-0.19266997
0.11174176
0.55926967
-1.439672
-1.1220484
1.2885938
-2.2973301
-1.4170932
1.9733765
0.25568706
0.64709073
0.2868157
-0.10934388
-0.43751755
0.34883252
0.04251871
1.3254958
1.7346609
-0.16411534
-0.7623235
-1.3545802
0.29058635
-1.4595356
0.056873776
-1.3856049
-0.68210626
0.100781806
1.0955595
-1.9610068
-0.24061336
0.2177921
0.4399828
0.21224558
0.6563712
-0.3477276
0.015873207
0.9356863
-0.8434799
1.0240762
-1.0186756
-1.1511323
0.45325023
1.2261405
0.04566653
0.5806846
0.04422337
0.32511786
-1.4649588
0.21865198
-0.8008075
0.26521277
-0.19286741
-2.1873524
-0.0047785714
-0.1285547
1.2607368
2.529501
-0.59851015
-0.3081153
0.26564595
-0.8079826
1.36903
0.6132937
-1.0477787
-1.2686032
0.30817816
0.5786774
-0.09483789
0.09239942
1.1310232
-0.5405457
-0.8219662
-1.5888336
0.051698647
-2.0100272
2.4557874
-1.3725749
0.37683433
0.12660019
-0.1526664
-1.1993388
1.7309773
0.85108006
0.21686555
0.26284555
-0.25208387
0.7783158
-0.028159082
-0.36803406
0.08781375
-0.7222169
-1.0192289
-0.67842174
1.1830052
-0.29374427
1.3754619
0.5398363
-0.9792454
0.9940341
-1.1224378
0.408569
1.7406029
-0.35993946
2.3329453
2.2140162
-2.1348255
0.37503323
-2.4665146
-0.06285055
0.11575692
0.27257258
-0.7712872
-0.2567184
-0.9029709
1.2938863
-0.361704
0.8866251
-0.19273148
-0.28245792
0.46737134
-0.96518886
-0.4892163
0.7959035
-0.7759319
0.6321902
0.42761925
0.4203043
2.0116491
-0.6203183
-0.3446769
-1.1487238
-0.15398218
0.5271585
0.43013197
-0.4142547
-0.8148621
-0.3403249
-1.5074171
-0.04089763
-0.08054994
0.6561324
1.7695676
0.6905337
-0.8862261
-0.4549047
-1.2765883
0.1308053
1.3588684
0.9452678
0.44142997
0.47878203
-0.66340894
-0.15748748
1.5710413
-0.0913575
0.15246344
-0.271709
0.08428421
0.8870781
0.5163437
-1.4126354
0.8746152
-1.4121388
-1.0094858
0.99658126
-0.38014767
-1.0621054
0.83399683
-0.7692024
-0.2906762
-0.7274246
0.516426
1.1334438
0.13312413
-1.6111187
1.3986375
-0.77257633
2.8096006
-0.992371
1.7202052
-0.6643713
-0.18849571
-0.38808784
0.2776553
1.6901932
-0.5042132
0.10499261
0.689654
0.9178674
-0.7683933
1.1581693
-1.1442182
1.0359963
-0.7995265
-1.184137
1.4877229
0.11762824
1.6311809
2.1109028
-0.34425172
0.63513404
0.1726163
-0.38952717
-0.17523539
0.60262895
0.54387856
-0.7304074
-0.37004894
0.035724256
-1.1715465
-0.49159306
1.654485
-0.47745445
-1.113292
-1.0030944
0.21823928
-0.9287491
0.24395937
-0.41632175
-0.71096706
1.359606
-1.4837575
0.038570803
-1.557194
0.35966837
-0.31134355
1.9167265
-1.1508303
-0.67783254
0.44572082
-0.8623497
0.8168076
-0.93386346
0.7504642
-2.0885623
0.23005581
0.44622007
-0.4270432
-0.4555967
-1.4559605
0.76675063
-0.25539467
-0.28910297
0.8452781
1.3971156
0.6085057
-1.4172907
0.27536055
-0.6424582
-0.5827679
-0.122009985
0.95062065
-0.831153
2.099724
-1.0750093
0.45592034
1.3754807
0.20357442
-1.378639
1.3591243
-0.49695423
0.50909984
0.107997455
0.19473356
0.53769875
0.13575892
-0.40680474
1.871384
-1.5252417
0.90559965
0.1476544
-0.17632893
0.09939025
-0.6137908
-0.25149712
0.31621286
-1.6267099
0.96572876
0.68200403
0.09063259
-1.9846424
0.5414122
1.4917758
0.84519225
-0.32682633
-0.09551376
0.94742996
-0.84000313
-0.72477835
0.33796966
1.3231294
-0.49447134
-0.90198684
-1.0573083
1.6885952
-1.2833298
0.38468617
1.3078358
-0.48380408
0.6169865
1.5249826
-1.327854
0.09167109
-0.2607488
-0.82075566
0.74723774
0.038389865
-0.50857145
0.68822795
-0.07060073
1.1899093
0.18116874
-0.06473398
-0.91446173
0.28725225
1.6524143
0.49939287
-0.597946
-0.56934875
0.032397237
0.77069765
1.5361247
0.7856072
2.5593665
-0.3441309
1.0211549
-0.46323943
-0.62051195
0.30377606
-1.1123556
-0.71225876
-0.33131948
0.7113938
0.39836738
-1.0545582
-0.2608156
0.21808204
-0.3361955
0.6418089
-0.8305339
-0.31586573
0.94876957
0.6282107
-2.1109028
1.6773832
1.6528966
0.14291158
-0.6290418
0.09174675
-0.09679155
-1.1799831
1.3071812
-1.000082
0.2863418
-1.0076296
0.09235007
-1.6353315
-0.9417887
0.9166994
-1.6235684
1.796351
-0.15998662
-0.020420197
-0.7929899
0.15175004
0.6111988
-1.8325758
-1.2183248
0.36675557
-1.20534
-0.18769078
0.40395775
0.22651106
0.2938987
0.6801125
1.1602174
1.8445491
-1.1308932
-1.0649731
-0.3303237
1.628072
-0.14301467
-0.52614725
0.1457661
-0.8902148
0.46917722
-0.08165718
-0.11664215
1.623903
0.7669619
0.40670055
0.46936855
-2.3624027
-0.108262
0.80428225
-1.1338519
2.5134592
-0.12264054
1.0634612
-0.48743343
-0.5414786
0.75685775
0.12399506
-0.28925437
-1.2001431
0.22517948
-0.34699377
0.53621656
1.7043927
-0.08177011
0.4915701
-1.997617
-0.24062812
